or_gvkey
001004
001013
001036
001050
001055
001056
001072
001078
001161
001164
001177
001243
001254
001281
001300
001308
001327
001393
001408
001430
001440
001447
001449
001468
001478
001485
001487
001537
001542
001559
001585
001598
001602
001608
001609
001613
001632
001633
001635
001641
001650
001651
001659
001677
001686
001704
001706
001722
001773
001794
001823
001860
001865
001878
001891
001913
001919
001926
001968
001974
001976
001979
001981
001988
002006
002008
002019
002044
002049
002061
002062
002086
002111
002124
002136
002146
002176
002184
002220
002222
002230
002255
002269
002285
002294
002295
002352
002393
002403
002435
002444
002448
002498
002504
002536
002537
002547
002556
002577
002589
002593
002596
002615
002663
002751
002771
002817
002845
002872
002888
002942
002950
002953
002968
002982
002986
002991
003011
003036
003041
003062
003093
003105
003107
003116
003121
003138
003144
003157
003158
003170
003172
003221
003226
003243
003246
003275
003278
003282
003310
003333
003336
003362
003372
003410
003424
003497
003502
003504
003532
003580
003607
003609
003619
003639
003642
003650
003662
003691
003702
003707
003708
003734
003735
003786
003813
003835
003863
003911
003918
003946
003969
003980
004001
004029
004036
004058
004060
004066
004073
004087
004088
004094
004108
004115
004124
004130
004132
004145
004176
004194
004213
004251
004274
004279
004321
004340
004367
004390
004423
004430
004439
004448
004460
004462
004476
004497
004503
004510
004523
004600
004608
004622
004632
004719
004739
004807
004818
004839
004843
004860
004864
004881
004926
004932
004961
004973
005018
005043
005046
005047
005063
005071
005073
005074
005087
005116
005125
005134
005169
005229
005234
005252
005256
005306
005338
005342
005357
005377
005422
005439
005492
005496
005505
005520
005522
005568
005572
005574
005578
005597
005606
005608
005639
005643
005680
005690
005697
005709
005711
005735
005764
005782
005783
005786
005860
005862
005878
005896
005959
005978
005987
006003
006008
006013
006034
006036
006066
006078
006081
006096
006097
006100
006104
006109
006135
006136
006158
006185
006207
006266
006268
006297
006304
006314
006319
006326
006331
006349
006375
006386
006403
006431
006433
006435
006471
006492
006502
006506
006509
006527
006529
006532
006543
006565
006573
006574
006619
006649
006708
006730
006731
006733
006737
006774
006781
006797
006803
006821
006829
006830
006845
006848
006891
006900
006919
006994
007017
007045
007065
007085
007086
007106
007107
007114
007116
007124
007152
007154
007163
007171
007183
007185
007228
007241
007250
007251
007257
007291
007343
007346
007401
007409
007420
007435
007437
007443
007469
007486
007515
007549
007567
007585
007636
007637
007647
007648
007658
007682
007692
007696
007759
007772
007773
007875
007881
007883
007906
007921
007967
007980
007982
007985
007990
007991
008007
008015
008020
008044
008068
008079
008087
008099
008123
008196
008199
008213
008214
008215
008245
008247
008304
008348
008350
008358
008386
008463
008479
008488
008515
008530
008543
008546
008549
008594
008606
008633
008637
008647
008657
008666
008692
008717
008762
008850
008852
008853
008867
008872
008881
008901
008902
008960
008972
009004
009013
009016
009063
009069
009112
009173
009180
009195
009203
009216
009217
009236
009280
009289
009293
009299
009325
009355
009372
009411
009483
009538
009555
009590
009599
009613
009667
009697
009698
009699
009771
009772
009774
009777
009778
009783
009919
009921
009937
009999
010008
010016
010022
010035
010056
010109
010115
010150
010156
010185
010195
010247
010271
010286
010310
010374
010386
010391
010405
010407
010411
010420
010422
010441
010453
010482
010499
010519
010530
010540
010549
010550
010553
010580
010581
010588
010618
010656
010669
010692
010735
010761
010787
010793
010810
010816
010827
010857
010868
010884
010903
010920
010983
010984
010991
011012
011035
011040
011051
011060
011096
011115
011124
011142
011185
011191
011228
011234
011261
011278
011300
011304
011306
011310
011315
011323
011376
011399
011446
011456
011465
011509
011531
011550
011580
011600
011609
011636
011644
011649
011687
011720
011721
011748
011764
011796
011856
011904
011910
011914
012047
012053
012075
012124
012136
012141
012142
012144
012151
012180
012181
012189
012206
012212
012215
012236
012252
012256
012262
012379
012389
012390
012421
012433
012441
012445
012458
012480
012540
012578
012608
012635
012679
012719
012761
012788
012789
012796
012825
012842
012850
012868
012874
012884
012886
012895
012909
012950
012978
012987
012992
013003
013013
013027
013135
013184
013204
013264
013328
013329
013341
013354
013365
013372
013378
013406
013408
013409
013410
013417
013421
013429
013440
013468
013570
013599
013619
013623
013634
013649
013679
013680
013700
013714
013721
013782
013824
013839
013858
013906
013963
013976
014027
014084
014108
014124
014182
014225
014252
014268
014282
014311
014324
014340
014385
014446
014477
014489
014503
014538
014561
014565
014597
014622
014623
014650
014793
014863
014891
014894
014898
014934
014954
014960
015044
015106
015110
015133
015172
015246
015252
015267
015290
015314
015315
015337
015343
015347
015354
015414
015420
015432
015443
015459
015470
015521
015708
015803
015855
015859
016101
016188
016401
016405
016436
016437
016453
016456
016477
016488
016531
016710
016721
016745
017012
017080
017101
017120
017175
017567
017653
017724
017874
017928
017997
018036
018086
018270
018290
018291
018315
018320
018322
018350
018479
018484
018487
018490
018556
018560
018624
018630
018636
018654
018658
018666
018699
018749
018750
018838
018899
018973
019025
019431
019518
019647
019661
019717
019719
019744
019747
019761
019771
019858
019906
019911
020031
020042
020126
020129
020147
020204
020228
020232
020245
020570
020644
020686
020734
020748
020779
020898
020904
020983
020993
021002
021103
021132
021208
021232
021237
021238
021244
021352
021381
021487
021508
021515
021524
021542
021673
021761
021777
021801
021828
021959
022177
022205
022229
022266
022325
022373
022604
022715
022741
022794
022815
022817
022867
023083
023084
023088
023195
023220
023224
023226
023241
023243
023407
023574
023577
023623
023650
023697
023704
023767
023769
023774
023810
023811
023812
023886
023897
023898
023933
023943
023978
023990
024021
024032
024040
024096
024099
024113
024135
024174
024177
024190
024197
024205
024216
024249
024302
024316
024318
024338
024344
024352
024363
024396
024405
024409
024421
024436
024468
024473
024501
024505
024508
024539
024543
024608
024610
024625
024638
024658
024669
024710
024712
024720
024733
024782
024783
024795
024800
024832
024837
024846
024856
024867
024890
024898
024922
024925
024960
024975
024978
024982
025056
025088
025099
025110
025114
025119
025124
025130
025150
025154
025157
025166
025180
025181
025216
025279
025313
025315
025331
025341
025348
025355
025356
025367
025405
025430
025434
025509
025536
025579
025632
025647
025680
025711
025747
025756
025771
025774
025783
025805
025807
025870
025904
025916
025922
025980
026012
026019
026061
026123
026147
026149
026204
026340
026368
026376
026382
026520
026590
026809
026892
026895
027274
027333
027490
027638
027760
027765
027790
027794
027802
027810
027823
027828
027845
027874
027885
027903
027922
027925
027928
027960
027965
027980
027991
028026
028027
028084
028118
028125
028139
028145
028150
028176
028182
028192
028194
028195
028236
028253
028272
028286
028295
028338
028347
028380
028385
028408
028421
028462
028477
028543
028590
028602
028636
028637
028641
028700
028701
028712
028719
028742
028775
028806
028853
028877
028881
028884
028900
028940
029001
029015
029085
029127
029131
029133
029156
029170
029191
029241
029250
029266
029274
029278
029323
029345
029356
029381
029386
029392
029397
029449
029524
029616
029621
029625
029741
029751
029791
029803
029804
029830
029887
029894
029900
029950
029955
029964
029968
030091
030094
030098
030137
030146
030168
030170
030176
030198
030199
030219
030220
030277
030281
030310
030312
030352
030383
030398
030443
030451
030463
030477
030490
030558
030565
030576
030598
030599
030614
030644
030651
030655
030671
030674
030688
030710
030781
030832
030870
030946
030948
030990
030999
031059
031091
031094
031122
031142
031144
031168
031405
031460
031477
031483
031488
031500
031507
031554
031559
031594
031607
031624
031673
031689
031775
031881
031887
032298
032334
032451
032525
032530
032610
032638
032908
032938
033152
033326
033601
034082
034593
035008
035640
035768
036910
037309
037672
038076
038646
039175
060800
060801
060846
060875
060893
060894
060900
060911
060951
060969
060979
060992
061034
061069
061153
061179
061181
061214
061269
061321
061338
061356
061396
061398
061399
061405
061439
061489
061490
061513
061519
061534
061544
061552
061560
061562
061567
061574
061576
061581
061587
061591
061592
061596
061646
061655
061656
061676
061685
061690
061703
061706
061725
061726
061737
061759
061766
061870
061871
061988
061996
062065
062107
062168
062213
062217
062221
062261
062262
062263
062266
062268
062290
062317
062338
062374
062391
062395
062399
062475
062494
062498
062516
062535
062562
062599
062626
062631
062634
062640
062655
062686
062689
062712
062723
062730
062745
062784
062823
062859
062965
062990
063005
063051
063059
063080
063083
063102
063123
063128
063186
063196
063290
063405
063410
063417
063424
063483
063501
063527
063559
063600
063640
063643
063645
063766
063772
063876
063892
063898
063901
063959
064028
064055
064060
064088
064099
064103
064117
064156
064160
064166
064175
064200
064254
064356
064389
064408
064480
064515
064536
064552
064597
064606
064630
064637
064690
064708
064745
064766
064768
064853
064857
064863
064891
064915
064955
064964
064997
065006
065009
065011
065021
065026
065042
065045
065108
065156
065180
065217
065248
065399
065417
065421
065449
065494
065527
065554
065590
065607
065609
065630
065643
065676
065702
065739
065772
065812
065881
065887
065899
065904
065986
066016
066032
066050
066060
066242
066290
066368
066393
066425
066446
066447
066455
066496
066519
066582
066588
066602
066686
066697
066698
066708
100245
100477
100718
100873
101204
101206
101317
101352
101648
102696
103487
105365
105936
108564
109084
109425
110039
110533
110566
110685
110760
111102
111486
111491
111868
111873
111880
112095
112111
112168
112819
113362
113419
113609
114346
114370
114421
114484
114524
115404
115757
116504
116526
116772
117142
117768
117861
117903
117905
118122
118223
118502
118577
119275
119493
119513
119653
119714
119736
120134
120334
120444
120595
120877
121077
121257
121415
121440
121613
121673
121755
121844
122061
122101
122159
122172
122257
122263
122358
122380
122436
122536
122674
122741
122841
122895
122902
122921
123016
123017
124198
124358
124434
124599
124616
124775
125014
125276
125533
125595
125599
125604
126136
126137
126318
126322
126423
126497
126554
126600
126721
126722
126734
127177
127279
127377
127481
127958
128121
128663
128698
129120
129466
129467
129851
130040
130041
130305
130762
132525
132740
133044
133104
133170
133288
133366
133367
133430
133504
133547
133726
133766
133768
133825
133868
133869
133871
133885
133944
133949
134870
134932
135044
135165
135484
135788
135805
135965
135966
136186
136648
136725
136884
137024
137090
137131
137310
137573
137602
137704
137861
138203
138205
138483
138609
138613
138705
138707
138743
138781
139665
140030
140044
140073
140541
140568
140760
140905
141241
141277
141363
141389
141459
141469
141913
141957
142260
142546
142811
142814
142953
142956
143357
143421
143443
143527
143668
143974
144066
144135
144436
144437
144496
144559
144821
145043
145046
145049
145308
145512
145701
145854
145911
146017
146071
146156
146171
147175
147242
147449
147644
147658
147868
148069
148169
148223
148349
148390
148772
148870
148950
149065
149070
149337
150139
150221
150937
151630
152008
153813
154039
156153
156613
156617
156861
157057
157153
157415
157755
157855
158737
158741
158743
160183
160211
160213
160225
160329
160373
160541
160570
160571
160600
160661
160681
160739
160770
160785
160798
160888
160893
160902
161055
161071
161813
161844
161965
162076
162129
162198
162254
162264
162335
162354
162378
162401
162887
162906
162907
162957
163113
163610
163628
163678
163772
163877
163889
163916
163965
164086
164099
164266
164296
164363
164416
164506
164510
164532
164708
164746
164755
164758
165051
165052
165123
165244
165745
165746
165846
165934
165993
166208
166213
166230
166368
166402
166482
166555
166562
166591
166593
166689
170307
170335
170384
170458
170616
170617
170965
171059
174077
174118
174317
174531
174541
174871
174876
175008
175111
175319
175399
175404
175533
175834
175900
175955
176022
176229
176251
176289
176343
176362
176363
176404
176572
176636
176701
176782
177225
177228
177264
177267
177287
177315
177429
177446
177650
177745
177780
177781
177881
177925
177975
177981
177983
177996
178083
178097
178153
178538
178943
178976
179111
179202
179441
179577
179598
179621
179690
179731
179817
179819
179841
180272
180405
180466
180474
180646
180711
180833
181104
181989
182308
183257
183312
183377
183581
183593
183602
183729
183736
183799
184009
184465
184487
184514
184576
184604
184700
184702
184717
184748
184899
184957
184996
185119
185138
185229
185277
185355
185372
185419
185703
186159
186310
186336
186962
186989
187039
187118
187215
187363
187450
187462
187490
187576
187631
187677
187692
187959
189491
190355
190455
190856
194956
196160
196856
198058
199356
206703
209341
211009
212340
212782
213412
216019
220211
223098
223911
247881
249507
253355
260408
264265
264387
270705
271357
271987
272872
272961
275264
275799
277812
277918
281420
284041
287462
289735
294524
295786
296753
315318
316056
318005
